0
0
0
0
0
0
0
0
0
0
0
0
0
0
0
0
0
0
0
0
0
0
0
0
0
0
0
0
0
0
0
0
0
0
0
0
0
0
0
0
0
0
0
0
0
0
0
0
0
0
0
0
0
0
0
0
0
0
0
0
0
0
0
0
0
0
0
0
0
0
0
0
0
0
0
0
0
0
0
0
0
0
0
0
0
0
0
0
0
0
0
0
0
0
0
0
0
0
0
0
0
0
0
0
0
0
0
0
0
0
0
0
0
0
0
0
0
0
0
0
0
0
0
0
0
0
0
0
0
0
0
0
0
0
0
0
0
0
0
0
0
0
0
0
0
0
0
0
0
0
0
0
0
0.0104798
0.0104798
0.0104798
0.0104798
0.0104798
0.0104798
0.0104798
0.0104798
0.0104798
0.0104798
0.00782159
0.00782159
0.00782159
0.00782159
0.00782159
0.00782159
0.00782159
0.00782159
0.00782159
0.00782159
0.00476963
0.00476963
0.00476963
0.00476963
0.00476963
0.00476963
0.00476963
0.00476963
0.00476963
0.00476963
0.00476963
0.00239675
0.00239675
0.00239675
0.00239675
0.00239675
0.00239675
0.00239675
0.00239675
0.00239675
0.00239675
0.00124361
0.00124361
0.00124361
0.00124361
0.00124361
0.00124361
0.00124361
0.00124361
0.00124361
0.00124361
0.00124361
0.00124361
0.00124361
0.00124361
0.00124361
0.00124361
0.00124361
0.00124361
0.00124361
0.00124361
0.00124361
0.00124361
0.00124361
0.00124361
0.00124361
0.00124361
0.00124361
0.00124361
0.00124361
0.00124361
0.00124361
0.00124361
0.00124361
0.00124361
0.00124361
0.00124361
0.00124361
0.00124361
0.00124361
0.00124361
0.00124361
0.00124361
0.00124361
0.00124361
0.00124361
0.00124361
0.00124361
0.00124361
0.00124361
0.00124361
0.00124361
0.00124361
0.00124361
0.00124361
0.00124361
0.00124361
0.00124361
0.00124361
0.00124361
0.00124361
0.00124361
0.00124361
0.00124361
0.00124361
0.00124361
0.00124361
0.00124361
0.00124361
0.00124361
0.00124361
0.00124361
0.00124361
0.00124361
0.00124361
0.00124361
0.00124361
0.00124361
0.00124361
0.00124361
0.00124361
0.00124361
0.00124361
0.00124361
0.00124361
0.00124361
0.00124361
0.00124361
0.00124361
0.00124361
0.00124361
0.00124361
0.00124361
0.00124361
0.00124361
0.00124361
0.00124361
0.00124361
0.00124361
0.00124361
0.00124361
0.00124361
0.00124361
0.00124361
0.00124361
0.00124361
0.00124361
0.00124361
0.00124361
0.00124361
0.00124361
0.00124361
0.00124361
0.00124361
0.00124361
0.00124361
0.00124361
1.37644
1.37644
1.37644
1.37644
1.37644
1.37644
1.37644
1.37644
1.37644
1.37644
1.82366
1.82366
1.82366
1.82366
1.82366
1.82366
1.82366
1.82366
1.82366
1.82366
1.82366
2.37932
2.37932
2.37932
2.37932
2.37932
2.37932
2.37932
2.37932
2.37932
2.37932
2.85707
2.85707
2.85707
2.85707
2.85707
2.85707
2.85707
2.85707
2.85707
2.85707
3.15712
3.15712
3.15712
3.15712
3.15712
3.15712
3.15712
3.15712
3.15712
3.15712
3.15712
3.36791
3.36791
3.36791
3.36791
3.36791
3.36791
3.36791
3.36791
3.36791
3.58295
3.58295
3.58295
3.58295
3.58295
3.58295
3.58295
3.58295
3.58295
3.58295
3.85576
3.85576
3.85576
3.85576
3.85576
3.85576
3.85576
3.85576
3.85576
3.85576
4.18873
4.18873
4.18873
4.18873
4.18873
4.18873
4.18873
4.18873
4.18873
4.18873
4.18873
4.52974
4.52974
4.52974
4.52974
4.52974
4.52974
4.52974
4.52974
4.52974
4.52974
4.87758
4.87758
4.87758
4.87758
4.87758
4.87758
4.87758
4.87758
4.87758
4.87758
5.2431
5.2431
5.2431
5.2431
5.2431
5.2431
5.2431
5.2431
5.2431
5.2431
5.47183
5.47183
5.47183
5.47183
5.47183
5.47183
5.47183
5.47183
5.47183
5.47183
5.59496
5.59496
5.59496
5.59496
5.59496
5.59496
5.59496
5.59496
5.59496
5.59496
5.59496
4.91134
4.91134
4.91134
4.91134
4.91134
4.91134
4.91134
4.91134
4.91134
4.91134
5.07259
5.07259
5.07259
5.07259
5.07259
5.07259
5.07259
5.07259
5.07259
5.07259
5.33164
5.33164
5.33164
5.33164
5.33164
5.33164
5.33164
5.33164
5.33164
5.33164
5.67061
5.67061
5.67061
5.67061
5.67061
5.67061
5.67061
5.67061
5.67061
5.67061
5.67061
5.09686
5.09686
5.09686
5.09686
5.09686
5.09686
5.09686
5.09686
5.09686
5.09686
5.37995
5.37995
5.37995
5.37995
5.37995
5.37995
5.37995
5.37995
5.37995
5.37995
5.37995
5.64788
5.64788
5.64788
5.64788
5.64788
5.64788
5.64788
5.64788
5.64788
5.64788
5.9697
5.9697
5.9697
5.9697
5.9697
5.9697
5.9697
5.9697
5.9697
5.9697
5.17328
5.17328
5.17328
5.17328
5.17328
5.17328
5.17328
5.17328
5.17328
5.17328
5.17328
4.48187
4.48187
4.48187
4.48187
4.48187
4.48187
4.48187
4.48187
4.48187
4.48187
4.79976
4.79976
4.79976
4.79976
4.79976
4.79976
4.79976
4.79976
4.79976
4.79976
5.22544
5.22544
5.22544
5.22544
5.22544
5.22544
5.22544
5.22544
5.22544
5.22544
5.22544
5.55965
5.55965
5.55965
5.55965
5.55965
5.55965
5.55965
5.55965
5.55965
5.60424
5.60424
5.60424
5.60424
5.60424
5.60424
5.60424
5.60424
5.60424
5.60424
5.79922
5.79922
5.79922
5.79922
5.79922
5.79922
5.79922
5.79922
5.79922
5.79922
5.79922
5.79922
6.08159
6.08159
6.08159
6.08159
6.08159
6.08159
6.08159
6.08159
6.08159
6.08159
6.34691
6.34691
6.34691
6.34691
6.34691
6.34691
6.34691
6.34691
6.34691
6.34691
6.49043
6.49043
6.49043
6.49043
6.49043
6.49043
6.49043
6.49043
6.49043
6.49043
6.79575
6.79575
6.79575
6.79575
6.79575
6.79575
6.79575
6.79575
6.79575
6.79575
7.02483
7.02483
7.02483
7.02483
7.02483
7.02483
7.02483
7.02483
7.02483
7.02483
7.02483
7.02483
7.23887
7.23887
7.23887
7.23887
7.23887
7.23887
7.23887
7.23887
7.23887
7.23887
7.44317
7.44317
7.44317
7.44317
7.44317
7.44317
7.44317
7.44317
7.44317
7.44317
7.65304
7.65304
7.65304
7.65304
7.65304
7.65304
7.65304
7.65304
7.65304
7.65304
7.94878
7.94878
7.94878
7.94878
7.94878
7.94878
7.94878
7.94878
7.94878
7.94878
8.18303
8.18303
8.18303
8.18303
8.18303
8.18303
8.18303
8.18303
8.18303
8.18303
8.18303
8.18303
8.25542
8.25542
8.25542
8.25542
8.25542
8.25542
8.25542
8.25542
8.25542
8.25542
8.29208
8.29208
8.29208
8.29208
8.29208
8.29208
8.29208
8.29208
8.29208
8.29208
8.29208
8.31802
8.31802
8.31802
8.31802
8.31802
8.31802
8.31802
8.31802
8.31802
8.31802
8.34223
8.34223
8.34223
8.34223
8.34223
8.34223
8.34223
8.34223
8.34223
8.34223
8.36419
8.36419
8.36419
8.36419
8.36419
8.36419
8.36419
8.36419
8.36419
8.36419
8.38667
8.38667
8.38667
8.38667
8.38667
8.38667
8.38667
8.38667
8.38667
8.38667
8.38667
8.40921
8.40921
8.40921
8.40921
8.40921
8.40921
8.40921
8.40921
8.40921
8.40921
8.43634
8.43634
8.43634
8.43634
8.43634
8.43634
8.43634
8.43634
8.43634
8.43634
8.46303
8.46303
8.46303
8.46303
8.46303
8.46303
8.46303
8.46303
8.46303
8.46303
8.4919
8.4919
8.4919
8.4919
8.4919
8.4919
8.4919
8.4919
8.4919
8.4919
8.35669
8.35669
8.35669
8.35669
8.35669
8.35669
8.35669
8.35669
8.35669
8.35669
8.35669
8.38074
8.38074
8.38074
8.38074
8.38074
8.38074
8.38074
8.38074
8.38074
8.38074
8.40482
8.40482
8.40482
8.40482
8.40482
8.40482
8.40482
8.40482
8.40482
8.40482
8.42668
8.42668
8.42668
8.42668
8.42668
8.42668
8.42668
8.42668
8.42668
8.42668
8.36627
8.36627
8.36627
8.36627
8.36627
8.36627
8.36627
8.36627
8.36627
8.36627
8.38815
8.38815
8.38815
8.38815
8.38815
8.38815
8.38815
8.38815
8.38815
8.38815
8.38815
8.41223
8.41223
8.41223
8.41223
8.41223
8.41223
8.41223
8.41223
8.41223
8.41223
8.43408
8.43408
8.43408
8.43408
8.43408
8.43408
8.43408
8.43408
8.43408
8.43408
8.41563
8.41563
8.41563
8.41563
8.41563
8.41563
8.41563
8.41563
8.41563
8.41563
8.41563
8.15212
8.15212
8.15212
8.15212
8.15212
8.15212
8.15212
8.15212
8.15212
8.15212
8.15212
8.21492
8.21492
8.21492
8.21492
8.21492
8.21492
8.21492
8.21492
8.21492
8.21492
8.32919
8.32919
8.32919
8.32919
8.32919
8.32919
8.32919
8.32919
8.32919
8.32919
8.39586
8.39586
8.39586
8.39586
8.39586
8.39586
8.39586
8.39586
8.39586
8.39586
8.42338
8.42338
8.42338
8.42338
8.42338
8.42338
8.42338
8.42338
8.42338
8.42338
8.42338
8.45302
8.45302
8.45302
8.45302
8.45302
8.45302
8.45302
8.45302
8.45302
8.45302
8.47505
8.47505
8.47505
8.47505
8.47505
8.47505
8.47505
8.47505
8.47505
8.47505
8.4968
8.4968
8.4968
8.4968
8.4968
8.4968
8.4968
8.4968
8.4968
8.4968
8.4968
8.52067
8.52067
8.52067
8.52067
8.52067
8.52067
8.52067
8.52067
8.52067
8.52067
8.54233
8.54233
8.54233
8.54233
8.54233
8.54233
8.54233
8.54233
8.54233
8.54233
8.54233
8.56396
8.56396
8.56396
8.56396
8.56396
8.56396
8.56396
8.56396
8.56396
8.56396
8.5877
8.5877
8.5877
8.5877
8.5877
8.5877
8.5877
8.5877
8.5877
8.5877
8.60924
8.60924
8.60924
8.60924
8.60924
8.60924
8.60924
8.60924
8.60924
8.60924
8.60924
8.63075
8.63075
8.63075
8.63075
8.63075
8.63075
8.63075
8.63075
8.63075
8.63075
8.65222
8.65222
8.65222
8.65222
8.65222
8.65222
8.65222
8.65222
8.65222
8.65222
8.67363
8.67363
8.67363
8.67363
8.67363
8.67363
8.67363
8.67363
8.67363
8.67363
8.69716
8.69716
8.69716
8.69716
8.69716
8.69716
8.69716
8.69716
8.69716
8.69716
8.69716
8.71851
8.71851
8.71851
8.71851
8.71851
8.71851
8.71851
8.71851
8.71851
8.71851
8.74194
8.74194
8.74194
8.74194
8.74194
8.74194
8.74194
8.74194
8.74194
8.74194
8.76488
8.76488
8.76488
8.76488
8.76488
8.76488
8.76488
8.76488
8.76488
8.76488
8.79243
8.79243
8.79243
8.79243
8.79243
8.79243
8.79243
8.79243
8.79243
8.79243
8.79243
8.82446
8.82446
8.82446
8.82446
8.82446
8.82446
8.82446
8.82446
8.82446
8.82446
8.8592
8.8592
8.8592
8.8592
8.8592
8.8592
8.8592
8.8592
8.8592
8.8592
8.8553
8.8553
8.8553
8.8553
8.8553
8.8553
8.8553
8.8553
8.8553
8.8553
8.59608
8.59608
8.59608
8.59608
8.59608
8.59608
8.59608
8.59608
8.59608
8.59608
8.59608
8.62438
8.62438
8.62438
8.62438
8.62438
8.62438
8.62438
8.62438
8.62438
8.62438
8.48348
8.48348
8.48348
8.48348
8.48348
8.48348
8.48348
8.48348
8.48348
8.48348
8.52636
8.52636
8.52636
8.52636
8.52636
8.52636
8.52636
8.52636
8.52636
8.52636
8.55948
8.55948
8.55948
8.55948
8.55948
8.55948
8.55948
8.55948
8.55948
8.55948
8.58112
8.58112
8.58112
8.58112
8.58112
8.58112
8.58112
8.58112
8.58112
8.58112
8.52578
8.52578
8.52578
8.52578
8.52578
8.52578
8.52578
8.52578
8.52578
8.52578
8.31102
8.31102
8.31102
8.31102
8.31102
8.31102
8.31102
8.31102
8.31102
8.31102
8.31102
8.45638
8.45638
8.45638
8.45638
8.45638
8.45638
8.45638
8.45638
8.45638
8.45638
8.59493
8.59493
8.59493
8.59493
8.59493
8.59493
8.59493
8.59493
8.59493
8.59493
8.63904
8.63904
8.63904
8.63904
8.63904
8.63904
8.63904
8.63904
8.63904
8.63904
8.66051
8.66051
8.66051
8.66051
8.66051
8.66051
8.66051
8.66051
8.66051
8.66051
8.68192
8.68192
8.68192
8.68192
8.68192
8.68192
8.68192
8.68192
8.68192
8.68192
8.68192
8.7033
8.7033
8.7033
8.7033
8.7033
8.7033
8.7033
8.7033
8.7033
8.7033
8.7033
8.72675
8.72675
8.72675
8.72675
8.72675
8.72675
8.72675
8.72675
8.72675
8.72675
8.75018
8.75018
8.75018
8.75018
8.75018
8.75018
8.75018
8.75018
8.75018
8.75018
8.77143
8.77143
8.77143
8.77143
8.77143
8.77143
8.77143
8.77143
8.77143
8.77143
8.79263
8.79263
8.79263
8.79263
8.79263
8.79263
8.79263
8.79263
8.79263
8.79263
8.81381
8.81381
8.81381
8.81381
8.81381
8.81381
8.81381
8.81381
8.81381
8.81381
8.83493
8.83493
8.83493
8.83493
8.83493
8.83493
8.83493
8.83493
8.83493
8.83493
8.83493
8.8565
8.8565
8.8565
8.8565
8.8565
8.8565
8.8565
8.8565
8.8565
8.8565
8.87879
8.87879
8.87879
8.87879
8.87879
8.87879
8.87879
8.87879
8.87879
8.87879
8.90851
8.90851
8.90851
8.90851
8.90851
8.90851
8.90851
8.90851
8.90851
8.90851
8.93977
8.93977
8.93977
8.93977
8.93977
8.93977
8.93977
8.93977
8.93977
8.93977
8.93977
8.97098
8.97098
8.97098
8.97098
8.97098
8.97098
8.97098
8.97098
8.97098
8.97098
9.00976
9.00976
9.00976
9.00976
9.00976
9.00976
9.00976
9.00976
9.00976
9.00976
9.04325
9.04325
9.04325
9.04325
9.04325
9.04325
9.04325
9.04325
9.04325
9.04325
9.07004
9.07004
9.07004
9.07004
9.07004
9.07004
9.07004
9.07004
9.07004
9.07004
9.09253
9.09253
9.09253
9.09253
9.09253
9.09253
9.09253
9.09253
9.09253
9.09253
9.09253
9.11519
9.11519
9.11519
9.11519
9.11519
9.11519
9.11519
9.11519
9.11519
9.11519
9.13575
9.13575
9.13575
9.13575
9.13575
9.13575
9.13575
9.13575
9.13575
9.13575
9.15627
9.15627
9.15627
9.15627
9.15627
9.15627
9.15627
9.15627
9.15627
9.15627
9.15627
9.17675
9.17675
9.17675
9.17675
9.17675
9.17675
9.17675
9.17675
9.17675
9.1972
9.1972
9.1972
9.1972
9.1972
9.1972
9.1972
9.1972
9.1972
9.1972
9.1972
9.21761
9.21761
9.21761
9.21761
9.21761
9.21761
9.21761
9.21761
9.21761
9.21761
8.82708
8.82708
8.82708
8.82708
8.82708
8.82708
8.82708
8.82708
8.82708
8.82708
8.84966
8.84966
8.84966
8.84966
8.84966
8.84966
8.84966
8.84966
8.84966
8.84966
8.88446
8.88446
8.88446
8.88446
8.88446
8.88446
8.88446
8.88446
8.88446
8.88446
8.88446
8.75231
8.75231
8.75231
8.75231
8.75231
8.75231
8.75231
8.75231
8.75231
8.75231
8.36357
8.36357
8.36357
8.36357
8.36357
8.36357
8.36357
8.36357
8.36357
8.36357
8.43793
8.43793
8.43793
8.43793
8.43793
8.43793
8.43793
8.43793
8.43793
8.43793
8.34445
8.34445
8.34445
8.34445
8.34445
8.34445
8.34445
8.34445
8.34445
8.34445
8.45916
8.45916
8.45916
8.45916
8.45916
8.45916
8.45916
8.45916
8.45916
8.45916
8.56873
8.56873
8.56873
8.56873
8.56873
8.56873
8.56873
8.56873
8.56873
8.56873
8.56873
8.63379
8.63379
8.63379
8.63379
8.63379
8.63379
8.63379
8.63379
8.63379
8.63379
8.586
8.586
8.586
8.586
8.586
8.586
8.586
8.586
8.586
8.586
8.586
8.53251
8.53251
8.53251
8.53251
8.53251
8.53251
8.53251
8.53251
8.53251
8.53251
8.58656
8.58656
8.58656
8.58656
8.58656
8.58656
8.58656
8.58656
8.58656
8.58656
8.64631
8.64631
8.64631
8.64631
8.64631
8.64631
8.64631
8.64631
8.64631
8.64631
8.64631
8.68979
8.68979
8.68979
8.68979
8.68979
8.68979
8.68979
8.68979
8.68979
8.68979
8.71116
8.71116
8.71116
8.71116
8.71116
8.71116
8.71116
8.71116
8.71116
8.71116
8.73248
8.73248
8.73248
8.73248
8.73248
8.73248
8.73248
8.73248
8.73248
8.73248
8.73248
8.75377
8.75377
8.75377
8.75377
8.75377
8.75377
8.75377
8.75377
8.75377
8.75377
8.77713
8.77713
8.77713
8.77713
8.77713
8.77713
8.77713
8.77713
8.77713
8.77713
8.77713
8.80044
8.80044
8.80044
8.80044
8.80044
8.80044
8.80044
8.80044
8.80044
8.80044
8.8216
8.8216
8.8216
8.8216
8.8216
8.8216
8.8216
8.8216
8.8216
8.8216
8.84271
8.84271
8.84271
8.84271
8.84271
8.84271
8.84271
8.84271
8.84271
8.84271
8.84271
8.86589
8.86589
8.86589
8.86589
8.86589
8.86589
8.86589
8.86589
8.86589
8.86589
8.86589
8.8877
8.8877
8.8877
8.8877
8.8877
8.8877
8.8877
8.8877
8.8877
8.8877
8.9133
8.9133
8.9133
8.9133
8.9133
8.9133
8.9133
8.9133
8.9133
8.9133
8.9133
8.94291
8.94291
8.94291
8.94291
8.94291
8.94291
8.94291
8.94291
8.94291
8.94291
8.97857
8.97857
8.97857
8.97857
8.97857
8.97857
8.97857
8.97857
8.97857
8.97857
9.01065
9.01065
9.01065
9.01065
9.01065
9.01065
9.01065
9.01065
9.01065
9.01065
9.04624
9.04624
9.04624
9.04624
9.04624
9.04624
9.04624
9.04624
9.04624
9.04624
9.04624
9.07305
9.07305
9.07305
9.07305
9.07305
9.07305
9.07305
9.07305
9.07305
9.09682
9.09682
9.09682
9.09682
9.09682
9.09682
9.09682
9.09682
9.09682
9.09682
9.09682
9.1181
9.1181
9.1181
9.1181
9.1181
9.1181
9.1181
9.1181
9.1181
9.1181
9.13865
9.13865
9.13865
9.13865
9.13865
9.13865
9.13865
9.13865
9.13865
9.13865
9.16121
9.16121
9.16121
9.16121
9.16121
9.16121
9.16121
9.16121
9.16121
9.16121
9.16121
9.18168
9.18168
9.18168
9.18168
9.18168
9.18168
9.18168
9.18168
9.18168
9.18168
9.20416
9.20416
9.20416
9.20416
9.20416
9.20416
9.20416
9.20416
9.20416
9.20416
9.22456
9.22456
9.22456
9.22456
9.22456
9.22456
9.22456
9.22456
9.22456
9.22456
9.24492
9.24492
9.24492
9.24492
9.24492
9.24492
9.24492
9.24492
9.24492
9.24492
9.10072
9.10072
9.10072
9.10072
9.10072
9.10072
9.10072
9.10072
9.10072
9.10072
9.10072
9.10072
9.12323
9.12323
9.12323
9.12323
9.12323
9.12323
9.12323
9.12323
9.12323
9.12323
9.14376
9.14376
9.14376
9.14376
9.14376
9.14376
9.14376
9.14376
9.14376
9.14376
9.08407
9.08407
9.08407
9.08407
9.08407
9.08407
9.08407
9.08407
9.08407
9.08407
8.74194
8.74194
8.74194
8.74194
8.74194
8.74194
8.74194
8.74194
8.74194
8.74194
8.74194
8.46771
8.46771
8.46771
8.46771
8.46771
8.46771
8.46771
8.46771
8.46771
8.46771
8.52191
8.52191
8.52191
8.52191
8.52191
8.52191
8.52191
8.52191
8.52191
8.52191
8.52191
8.3964
8.3964
8.3964
8.3964
8.3964
8.3964
8.3964
8.3964
8.3964
8.3964
8.46091
8.46091
8.46091
8.46091
8.46091
8.46091
8.46091
8.46091
8.46091
8.46091
8.54916
8.54916
8.54916
8.54916
8.54916
8.54916
8.54916
8.54916
8.54916
8.54916
8.54916
8.60057
8.60057
8.60057
8.60057
8.60057
8.60057
8.60057
8.60057
8.60057
8.60057
8.65142
8.65142
8.65142
8.65142
8.65142
8.65142
8.65142
8.65142
8.65142
8.65142
8.59458
8.59458
8.59458
8.59458
8.59458
8.59458
8.59458
8.59458
8.59458
8.59458
8.61597
8.61597
8.61597
8.61597
8.61597
8.61597
8.61597
8.61597
8.61597
8.61597
8.61597
8.64572
8.64572
8.64572
8.64572
8.64572
8.64572
8.64572
8.64572
8.64572
8.51049
8.51049
8.51049
8.51049
8.51049
8.51049
8.51049
8.51049
8.51049
8.51049
8.51049
8.56843
8.56843
8.56843
8.56843
8.56843
8.56843
8.56843
8.56843
8.56843
8.56843
8.56843
8.62529
8.62529
8.62529
8.62529
8.62529
8.62529
8.62529
8.62529
8.62529
8.62529
8.58137
8.58137
8.58137
8.58137
8.58137
8.58137
8.58137
8.58137
8.58137
8.58137
8.62371
8.62371
8.62371
8.62371
8.62371
8.62371
8.62371
8.62371
8.62371
8.62371
8.62371
8.66731
8.66731
8.66731
8.66731
8.66731
8.66731
8.66731
8.66731
8.66731
8.66731
8.69232
8.69232
8.69232
8.69232
8.69232
8.69232
8.69232
8.69232
8.69232
8.69232
8.55064
8.55064
8.55064
8.55064
8.55064
8.55064
8.55064
8.55064
8.55064
8.55064
8.55064
8.61496
8.61496
8.61496
8.61496
8.61496
8.61496
8.61496
8.61496
8.61496
8.61496
8.67441
8.67441
8.67441
8.67441
8.67441
8.67441
8.67441
8.67441
8.67441
8.67441
8.70361
8.70361
8.70361
8.70361
8.70361
8.70361
8.70361
8.70361
8.70361
8.70361
8.72495
8.72495
8.72495
8.72495
8.72495
8.72495
8.72495
8.72495
8.72495
8.72495
8.74625
8.74625
8.74625
8.74625
8.74625
8.74625
8.74625
8.74625
8.74625
8.74625
8.74625
8.76751
8.76751
8.76751
8.76751
8.76751
8.76751
8.76751
8.76751
8.76751
8.76751
8.79084
8.79084
8.79084
8.79084
8.79084
8.79084
8.79084
8.79084
8.79084
8.79084
8.81202
8.81202
8.81202
8.81202
8.81202
8.81202
8.81202
8.81202
8.81202
8.81202
8.81202
8.83315
8.83315
8.83315
8.83315
8.83315
8.83315
8.83315
8.83315
8.83315
8.83315
8.85634
8.85634
8.85634
8.85634
8.85634
8.85634
8.85634
8.85634
8.85634
8.85634
8.85634
8.87739
8.87739
8.87739
8.87739
8.87739
8.87739
8.87739
8.87739
8.87739
8.87739
8.89841
8.89841
8.89841
8.89841
8.89841
8.89841
8.89841
8.89841
8.89841
8.89841
8.92148
8.92148
8.92148
8.92148
8.92148
8.92148
8.92148
8.92148
8.92148
8.92148
8.94242
8.94242
8.94242
8.94242
8.94242
8.94242
8.94242
8.94242
8.94242
8.94242
8.9633
8.9633
8.9633
8.9633
8.9633
8.9633
8.9633
8.9633
8.9633
8.9633
8.9633
8.98875
8.98875
8.98875
8.98875
8.98875
8.98875
8.98875
8.98875
8.98875
8.98875
9.01288
9.01288
9.01288
9.01288
9.01288
9.01288
9.01288
9.01288
9.01288
9.01288
9.01288
9.01288
9.03721
9.03721
9.03721
9.03721
9.03721
9.03721
9.03721
9.03721
9.03721
9.03721
9.062
9.062
9.062
9.062
9.062
9.062
9.062
9.062
9.062
9.062
9.09509
9.09509
9.09509
9.09509
9.09509
9.09509
9.09509
9.09509
9.09509
9.09509
9.1246
9.1246
9.1246
9.1246
9.1246
9.1246
9.1246
9.1246
9.1246
9.1246
9.15572
9.15572
9.15572
9.15572
9.15572
9.15572
9.15572
9.15572
9.15572
9.15572
9.18302
9.18302
9.18302
9.18302
9.18302
9.18302
9.18302
9.18302
9.18302
9.18302
9.2056
9.2056
9.2056
9.2056
9.2056
9.2056
9.2056
9.2056
9.2056
9.2056
9.22599
9.22599
9.22599
9.22599
9.22599
9.22599
9.22599
9.22599
9.22599
9.22599
9.22599
9.24635
9.24635
9.24635
9.24635
9.24635
9.24635
9.24635
9.24635
9.24635
9.24635
9.24635
9.26868
9.26868
9.26868
9.26868
9.26868
9.26868
9.26868
9.26868
9.26868
9.26868
9.26868
9.29096
9.29096
9.29096
9.29096
9.29096
9.29096
9.29096
9.29096
9.29096
9.29096
9.31118
9.31118
9.31118
9.31118
9.31118
9.31118
9.31118
9.31118
9.31118
9.31118
9.33136
9.33136
9.33136
9.33136
9.33136
9.33136
9.33136
9.33136
9.33136
9.35151
9.35151
9.35151
9.35151
9.35151
9.35151
9.35151
9.35151
9.35151
9.35151
9.35151
9.04648
9.04648
9.04648
9.04648
9.04648
9.04648
9.04648
9.04648
9.04648
9.04648
9.0653
9.0653
9.0653
9.0653
9.0653
9.0653
9.0653
9.0653
9.0653
9.0653
9.0653
9.08589
9.08589
9.08589
9.08589
9.08589
9.08589
9.08589
9.08589
9.08589
9.08589
9.10649
9.10649
9.10649
9.10649
9.10649
9.10649
9.10649
9.10649
9.10649
9.10649
8.96264
8.96264
8.96264
8.96264
8.96264
8.96264
8.96264
8.96264
8.96264
8.96264
8.98533
8.98533
8.98533
8.98533
8.98533
8.98533
8.98533
8.98533
8.98533
8.98533
9.00633
9.00633
9.00633
9.00633
9.00633
9.00633
9.00633
9.00633
9.00633
9.00633
9.0271
9.0271
9.0271
9.0271
9.0271
9.0271
9.0271
9.0271
9.0271
9.0271
9.0271
9.04784
9.04784
9.04784
9.04784
9.04784
9.04784
9.04784
9.04784
9.04784
9.04784
9.01306
9.01306
9.01306
9.01306
9.01306
9.01306
9.01306
9.01306
9.01306
9.01306
8.95452
8.95452
8.95452
8.95452
8.95452
8.95452
8.95452
8.95452
8.95452
8.95452
8.89123
8.89123
8.89123
8.89123
8.89123
8.89123
8.89123
8.89123
8.89123
8.89123
8.8281
8.8281
8.8281
8.8281
8.8281
8.8281
8.8281
8.8281
8.8281
8.8281
8.8281
8.3214
8.3214
8.3214
8.3214
8.3214
8.3214
8.3214
8.3214
8.3214
8.3214
8.3214
8.31875
8.31875
8.31875
8.31875
8.31875
8.31875
8.31875
8.31875
8.31875
8.31875
8.34325
8.34325
8.34325
8.34325
8.34325
8.34325
8.34325
8.34325
8.34325
8.34325
8.24956
8.24956
8.24956
8.24956
8.24956
8.24956
8.24956
8.24956
8.24956
8.24956
8.06099
8.06099
8.06099
8.06099
8.06099
8.06099
8.06099
8.06099
8.06099
8.06099
8.06099
8.09302
8.09302
8.09302
8.09302
8.09302
8.09302
8.09302
8.09302
8.09302
8.09302
8.11944
8.11944
8.11944
8.11944
8.11944
8.11944
8.11944
8.11944
8.11944
8.11944
8.14205
8.14205
8.14205
8.14205
8.14205
8.14205
8.14205
8.14205
8.14205
8.14205
8.16438
8.16438
8.16438
8.16438
8.16438
8.16438
8.16438
8.16438
8.16438
8.16438
8.16438
8.16775
8.16775
8.16775
8.16775
8.16775
8.16775
8.16775
8.16775
8.16775
8.16775
8.04491
8.04491
8.04491
8.04491
8.04491
8.04491
8.04491
8.04491
8.04491
8.04491
8.02685
8.02685
8.02685
8.02685
8.02685
8.02685
8.02685
8.02685
8.02685
8.02685
8.02685
7.98068
7.98068
7.98068
7.98068
7.98068
7.98068
7.98068
7.98068
7.98068
7.98068
7.91875
7.91875
7.91875
7.91875
7.91875
7.91875
7.91875
7.91875
7.91875
7.91875
7.55855
7.55855
7.55855
7.55855
7.55855
7.55855
7.55855
7.55855
7.55855
7.55855
7.54724
7.54724
7.54724
7.54724
7.54724
7.54724
7.54724
7.54724
7.54724
7.54724
7.57045
7.57045
7.57045
7.57045
7.57045
7.57045
7.57045
7.57045
7.57045
7.57045
7.59371
7.59371
7.59371
7.59371
7.59371
7.59371
7.59371
7.59371
7.59371
7.59371
7.59371
7.53302
7.53302
7.53302
7.53302
7.53302
7.53302
7.53302
7.53302
7.53302
7.53302
7.53302
7.53302
7.28804
7.28804
7.28804
7.28804
7.28804
7.28804
7.28804
7.28804
7.28804
7.23905
7.23905
7.23905
7.23905
7.23905
7.23905
7.23905
7.23905
7.23905
7.23905
7.23449
7.23449
7.23449
7.23449
7.23449
7.23449
7.23449
7.23449
7.23449
7.23449
7.23449
7.16953
7.16953
7.16953
7.16953
7.16953
7.16953
7.16953
7.16953
7.16953
7.16953
7.11052
7.11052
7.11052
7.11052
7.11052
7.11052
7.11052
7.11052
7.11052
7.11052
7.05165
7.05165
7.05165
7.05165
7.05165
7.05165
7.05165
7.05165
7.05165
7.05165
6.9929
6.9929
6.9929
6.9929
6.9929
6.9929
6.9929
6.9929
6.9929
6.9929
6.71256
6.71256
6.71256
6.71256
6.71256
6.71256
6.71256
6.71256
6.71256
6.71256
6.63355
6.63355
6.63355
6.63355
6.63355
6.63355
6.63355
6.63355
6.63355
6.63355
6.63355
6.64034
6.64034
6.64034
6.64034
6.64034
6.64034
6.64034
6.64034
6.64034
6.64034
6.58262
6.58262
6.58262
6.58262
6.58262
6.58262
6.58262
6.58262
6.58262
6.58262
6.58262
6.52496
6.52496
6.52496
6.52496
6.52496
6.52496
6.52496
6.52496
6.52496
6.52496
6.46167
6.46167
6.46167
6.46167
6.46167
6.46167
6.46167
6.46167
6.46167
6.46167
6.46167
6.40427
6.40427
6.40427
6.40427
6.40427
6.40427
6.40427
6.40427
6.40427
6.40427
6.34127
6.34127
6.34127
6.34127
6.34127
6.34127
6.34127
6.34127
6.34127
6.34127
6.28413
6.28413
6.28413
6.28413
6.28413
6.28413
6.28413
6.28413
6.28413
6.28413
6.22713
6.22713
6.22713
6.22713
6.22713
6.22713
6.22713
6.22713
6.22713
6.22713
6.22713
6.17025
6.17025
6.17025
6.17025
6.17025
6.17025
6.17025
6.17025
6.17025
6.17025
6.03393
6.03393
6.03393
6.03393
6.03393
6.03393
6.03393
6.03393
6.03393
6.03393
6.03393
5.82968
5.82968
5.82968
5.82968
5.82968
5.82968
5.82968
5.82968
5.82968
5.82968
5.76804
5.76804
5.76804
5.76804
5.76804
5.76804
5.76804
5.76804
5.76804
5.76804
5.71218
5.71218
5.71218
5.71218
5.71218
5.71218
5.71218
5.71218
5.71218
5.71218
5.71218
5.61028
5.61028
5.61028
5.61028
5.61028
5.61028
5.61028
5.61028
5.61028
5.61028
5.37913
5.37913
5.37913
5.37913
5.37913
5.37913
5.37913
5.37913
5.37913
5.37913
5.37913
5.31857
5.31857
5.31857
5.31857
5.31857
5.31857
5.31857
5.31857
5.31857
5.31857
5.26367
5.26367
5.26367
5.26367
5.26367
5.26367
5.26367
5.26367
5.26367
5.26367
5.20343
5.20343
5.20343
5.20343
5.20343
5.20343
5.20343
5.20343
5.20343
5.20343
5.14878
5.14878
5.14878
5.14878
5.14878
5.14878
5.14878
5.14878
5.14878
5.14878
5.09425
5.09425
5.09425
5.09425
5.09425
5.09425
5.09425
5.09425
5.09425
5.09425
4.99117
4.99117
4.99117
4.99117
4.99117
4.99117
4.99117
4.99117
4.99117
4.99117
4.83774
4.83774
4.83774
4.83774
4.83774
4.83774
4.83774
4.83774
4.83774
4.83774
4.77021
4.77021
4.77021
4.77021
4.77021
4.77021
4.77021
4.77021
4.77021
4.77021
4.77021
4.70922
4.70922
4.70922
4.70922
4.70922
4.70922
4.70922
4.70922
4.70922
4.70922
4.62861
4.62861
4.62861
4.62861
4.62861
4.62861
4.62861
4.62861
4.62861
4.62861
4.62861
4.51928
4.51928
4.51928
4.51928
4.51928
4.51928
4.51928
4.51928
4.51928
4.51928
4.51928
4.32583
4.32583
4.32583
4.32583
4.32583
4.32583
4.32583
4.32583
4.32583
4.23459
4.23459
4.23459
4.23459
4.23459
4.23459
4.23459
4.23459
4.23459
4.23459
4.23459
4.03614
4.03614
4.03614
4.03614
4.03614
4.03614
4.03614
4.03614
4.03614
4.03614
3.89986
3.89986
3.89986
3.89986
3.89986
3.89986
3.89986
3.89986
3.89986
3.89986
3.83863
3.83863
3.83863
3.83863
3.83863
3.83863
3.83863
3.83863
3.83863
3.83863
3.75744
3.75744
3.75744
3.75744
3.75744
3.75744
3.75744
3.75744
3.75744
3.75744
3.69284
3.69284
3.69284
3.69284
3.69284
3.69284
3.69284
3.69284
3.69284
3.69284
3.69284
3.62308
3.62308
3.62308
3.62308
3.62308
3.62308
3.62308
3.62308
3.62308
3.62308
3.62308
3.53704
3.53704
3.53704
3.53704
3.53704
3.53704
3.53704
3.53704
3.53704
3.53704
3.45559
3.45559
3.45559
3.45559
3.45559
3.45559
3.45559
3.45559
3.45559
3.45559
3.45559
3.3221
3.3221
3.3221
3.3221
3.3221
3.3221
3.3221
3.3221
3.3221
2.94134
2.94134
2.94134
2.94134
2.94134
2.94134
2.94134
2.94134
2.94134
2.94134
2.94134
2.87619
2.87619
2.87619
2.87619
2.87619
2.87619
2.87619
2.87619
2.87619
2.87619
2.87619
2.81247
2.81247
2.81247
2.81247
2.81247
2.81247
2.81247
2.81247
2.81247
2.81247
2.75177
2.75177
2.75177
2.75177
2.75177
2.75177
2.75177
2.75177
2.75177
2.75177
2.75177
2.75177
2.75177
2.75177
2.75177
2.75177
2.75177
2.75177
2.75177
2.75177
2.75177
2.75177
2.75177
2.75177
2.75177
2.75177
2.75177
2.75177
2.75177
2.75177
2.75177
2.75177
2.75177
2.75177
2.75177
2.75177
2.75177
2.75177
2.75177
2.75177
2.75177
2.75177
2.75177
2.75177
2.75177
2.75177
2.75177
2.75177
2.75177
2.75177
2.75177
2.75177
2.75177
2.75177
2.75177
2.75177
2.75177
2.75177
2.75177
2.75177
2.75177
2.75177
2.75177
2.75177
2.75177
2.75177
2.75177
2.75177
2.75177
2.75177
2.75177
2.75177
2.75177
2.75177
2.75177
2.75177
2.75177
2.75177
2.75177
2.75177
2.75177
2.75177
2.75177
2.75177
2.75177
2.75177
2.75177
2.75177
2.75177
2.75177
2.75177
2.75177
2.75177
2.75177
2.75177
2.75177
2.75177
2.75177
2.75177
2.75177
2.75177
2.75177
2.75177
2.75177
2.75177
2.75177
2.75177
2.75177
2.75177
2.75177
2.75177
2.75177
2.75177
2.75177
2.75177
2.75177
2.75177
2.75177
2.75177
2.75177
2.75177
2.75177
2.75177
2.75177
2.75177
2.75177
2.75177
2.75177
2.75177
2.75177
2.75177
2.75177
2.75177
2.75177
2.75177
2.75177
2.75177
2.75177
2.75177
2.75177
2.75177
2.75177
2.75177
2.75177
2.75177
2.75177
2.75177
2.75177
2.75177
2.75177
2.75177
2.75177
2.75177
2.75177
2.75177
2.75177
2.75177
2.75177
2.75177
2.75177
2.75177
2.75177
2.75177
2.75177
2.75177
2.75177
2.75177
2.75177
2.75177
2.75177
2.75177
2.75177
2.75177
2.75177
2.75177
2.75177
2.75177
2.75177
2.75177
2.75177
2.75177
2.75177
2.75177
2.75177
2.75177
2.75177
2.75177
2.75177
2.75177
2.75177
2.75177
2.75177
2.75177
2.75177
2.75177
2.75177
2.75177
2.75177
2.75177
2.75177
2.75177
2.75177
2.75177
2.75177
2.75177
2.75177
2.75177
2.75177
2.75177
2.75177
2.75177
2.75177
2.75177
2.75177
2.75177
2.75177
2.75177
2.75177
2.75177
2.75177
2.75177
2.75177
2.75177
2.75177
2.75177
2.75177
2.75177
2.75177
2.75177
2.75177
2.75177
2.75177
2.75177
2.75177
2.75177
2.75177
2.75177
2.75177
2.75177
2.75177
2.75177
2.75177
2.75177
2.75177
2.75177
2.75177
2.75177
2.75177
2.75177
2.75177
2.75177
2.75177
2.75177
2.75177
2.75177
2.75177
2.75177
2.75177
2.75177
2.75177
2.75177
2.75177
2.75177
2.75177
2.75177
2.75177
2.75177
2.75177
2.75177
2.75177
2.75177
2.75177
2.75177
2.75177
2.75177
2.75177
2.75177
2.75177
2.75177
2.75177
2.75177
2.75177
2.75177
2.75177
2.75177
2.75177
2.75177
2.75177
2.75177
2.75177
2.75177
2.75177
2.75177
2.75177
2.75177
2.75177
2.75177
2.75177
2.75177
2.75177
2.75177
2.75177
2.75177
2.75177
2.75177
2.75177
2.75177
2.75177
2.75177
2.75177
2.75177
2.75177
2.75177
2.75177
2.75177
2.75177
2.75177
2.75177
2.75177
2.75177
2.75177
2.75177
2.75177
2.75177
2.75177
2.75177
2.75177
2.75177
2.75177
2.75177
2.75177
2.75177
2.75177
2.75177
2.75177
2.75177
2.75177
2.75177
2.75177
2.75177
2.75177
2.75177
2.75177
2.75177
2.75177
2.75177
2.75177
2.75177
2.75177
2.75177
2.75177
2.75177
2.75177
2.75177
2.75177
2.75177
2.75177
2.75177
2.75177
2.75177
2.75177
2.75177
2.75177
2.75177
2.75177
2.75177
2.75177
2.75177
2.75177
2.75177
2.75177
2.75177
2.75177
2.75177
2.75177
2.75177
2.75177
2.75177
2.75177
2.75177
2.75177
2.75177
2.75177
2.75177
2.75177
2.75177
2.75177
2.75177
2.75177
2.75177
2.75177
2.75177
2.75177
2.75177
2.75177
2.75177
2.75177
2.75177
2.75177
2.75177
2.75177
2.75177
2.75177
2.75177
2.75177
2.75177
2.75177
2.75177
2.75177
2.75177
2.75177
2.75177
2.75177
2.75177
2.75177
2.75177
2.75177
2.75177
2.75177
2.75177
2.75177
2.75177
2.75177
2.75177
2.75177
2.75177
2.75177
2.75177
2.75177
2.75177
2.75177
2.75177
2.75177
2.75177
2.75177
2.75177
2.75177
2.75177
2.75177
2.75177
2.75177
2.75177
2.75177
2.75177
2.75177
2.75177
2.75177
2.75177
2.75177
2.75177
2.75177
2.75177
2.75177
2.75177
2.75177
2.75177
2.75177
2.75177
2.75177
2.75177
2.75177
2.75177
2.75177
2.75177
2.75177
2.75177
2.75177
2.75177
2.75177
2.75177
2.75177
2.75177
2.75177
2.75177
2.75177
2.75177
2.75177
2.75177
2.75177
2.75177
2.75177
2.75177
2.75177
2.75177
2.75177
2.75177
2.75177
2.75177
2.75177
2.75177
2.75177
2.75177
2.75177
2.75177
2.75177
2.75177
2.75177
2.75177
2.75177
2.75177
2.75177
2.75177
2.75177
2.75177
2.75177
2.75177
2.75177
2.75177
2.75177
2.75177
2.75177
2.75177
2.75177
2.75177
2.75177
2.75177
2.75177
2.75177
2.75177
2.75177
2.75177
2.75177
2.75177
