0
0
0
0
0
0
0
0
0
0
0
0
0
0
0
0
0
0
0
0
0
0
0
0
0
0
0
0
0
0
0
0
0
0
0
0
0
0
0
0
0
0
0
0
0
0
0
0
0
0
0
0
0
0
0
0
0
0
0
0
0
0
0
0
0
0
0
0
0
0
0
0
0
0
0
0
0
0
0
0
0
0
0
0
0
0
0
0
0
0
0
0
0
0
0
0
0
0
0
0
0
0
0
0
0
0
0
0
0
0
0
0
0
0
0
0
0
0
0
0
0
0
0
0
0
0
0
0
0
0
0
0
0
0
0
0
0
0
0
0
0
0
0
0
0
0
0
0
0
0
0
0
0
0
0
0
0
0
0
0
0
0
0
0
0
0
0
0
0
0
0
0
0
0
0
0
0
0
0
0
0
0
0
0
0
0
0
0
0
0
0
0
0
0
0
0
0
0
0
0
0
0
0
0
0
0
0
0
0
0
0
0
0
0
0
0
0
0
0
0
0
0
0
0
0
0
0
0
0
0
0
0
0
0
0
0
0
0
0
0
0
0
0
0
0
0
0
0
0
0
0
0
0
0
0
0
0
0
0
0
0
0
0
0
0
0
0
0
0
0
0
0
0
0
0
0
0
0
0
0
0
0
0
0
0
0
0
0
0
0
0
0
0
0
0.0103216
0.0103216
0.0103216
0.0103216
0.0103216
0.0103216
0.0103216
0.0103216
0.0103216
0.00749707
0.00749707
0.00749707
0.00749707
0.00749707
0.00749707
0.00749707
0.00749707
0.00749707
0.00749707
0.00749707
0.00450536
0.00450536
0.00450536
0.00450536
0.00450536
0.00450536
0.00450536
0.00450536
0.00450536
0.00450536
0.00450536
0.0022373
0.0022373
0.0022373
0.0022373
0.0022373
0.0022373
0.0022373
0.0022373
0.0022373
0.0022373
0.0022373
0.0022373
0.0022373
0.0022373
0.0022373
0.0022373
0.0022373
0.0022373
0.0022373
0.0022373
0.0022373
0.0022373
0.0022373
0.0022373
0.0022373
0.0022373
0.0022373
0.0022373
0.0022373
0.0022373
0.0022373
0.0022373
0.0022373
0.0022373
0.0022373
0.0022373
0.0022373
0.0022373
0.0022373
0.0022373
0.0022373
0.0022373
0.0022373
0.0022373
0.0022373
0.0022373
0.0022373
0.0022373
0.0022373
0.0022373
0.0022373
0.0022373
0.0022373
0.0022373
0.0022373
0.0022373
0.0022373
0.0022373
0.0022373
0.0022373
0.0022373
0.0022373
0.0022373
0.0022373
0.0022373
0.0022373
0.0022373
0.0022373
0.0022373
0.0022373
0.0022373
0.0022373
0.0022373
0.0022373
0.0022373
0.0022373
0.0022373
0.0022373
0.0022373
0.0022373
0.0022373
0.0022373
0.0022373
0.0022373
0.0022373
0.0022373
0.0022373
0.0022373
0.0022373
0.0022373
0.0022373
0.0022373
0.0022373
0.0022373
0.0022373
0.0022373
0.0022373
0.0022373
0.0022373
0.0022373
0.0022373
0.0022373
0.0022373
0.0022373
0.0022373
0.0022373
0.0022373
0.0022373
0.0022373
0.0022373
0.0022373
0.0022373
0.0022373
0.0022373
0.0022373
1.04089
1.04089
1.04089
1.04089
1.04089
1.04089
1.04089
1.04089
1.04089
1.04089
1.47208
1.47208
1.47208
1.47208
1.47208
1.47208
1.47208
1.47208
1.47208
1.47208
1.47208
1.92276
1.92276
1.92276
1.92276
1.92276
1.92276
1.92276
1.92276
1.92276
2.43531
2.43531
2.43531
2.43531
2.43531
2.43531
2.43531
2.43531
2.43531
2.43531
2.43531
2.90481
2.90481
2.90481
2.90481
2.90481
2.90481
2.90481
2.90481
2.90481
2.90481
3.22192
3.22192
3.22192
3.22192
3.22192
3.22192
3.22192
3.22192
3.22192
3.22192
3.56798
3.56798
3.56798
3.56798
3.56798
3.56798
3.56798
3.56798
3.56798
3.56798
3.56798
3.90604
3.90604
3.90604
3.90604
3.90604
3.90604
3.90604
3.90604
3.90604
3.90604
4.17201
4.17201
4.17201
4.17201
4.17201
4.17201
4.17201
4.17201
4.17201
4.17201
4.17201
4.43668
4.43668
4.43668
4.43668
4.43668
4.43668
4.43668
4.43668
4.43668
4.43668
4.73946
4.73946
4.73946
4.73946
4.73946
4.73946
4.73946
4.73946
4.73946
4.73946
5.11558
5.11558
5.11558
5.11558
5.11558
5.11558
5.11558
5.11558
5.11558
5.11558
5.34552
5.34552
5.34552
5.34552
5.34552
5.34552
5.34552
5.34552
5.34552
5.34552
5.34552
5.41892
5.41892
5.41892
5.41892
5.41892
5.41892
5.41892
5.41892
5.41892
5.41892
5.44667
5.44667
5.44667
5.44667
5.44667
5.44667
5.44667
5.44667
5.44667
5.44667
5.54773
5.54773
5.54773
5.54773
5.54773
5.54773
5.54773
5.54773
5.54773
5.54773
5.54773
5.64006
5.64006
5.64006
5.64006
5.64006
5.64006
5.64006
5.64006
5.64006
5.64006
5.64006
5.74385
5.74385
5.74385
5.74385
5.74385
5.74385
5.74385
5.74385
5.74385
5.74385
5.81955
5.81955
5.81955
5.81955
5.81955
5.81955
5.81955
5.81955
5.81955
5.81955
5.8823
5.8823
5.8823
5.8823
5.8823
5.8823
5.8823
5.8823
5.8823
5.8823
5.98538
5.98538
5.98538
5.98538
5.98538
5.98538
5.98538
5.98538
5.98538
5.98538
6.11342
6.11342
6.11342
6.11342
6.11342
6.11342
6.11342
6.11342
6.11342
6.11342
6.11342
6.15488
6.15488
6.15488
6.15488
6.15488
6.15488
6.15488
6.15488
6.15488
6.197
6.197
6.197
6.197
6.197
6.197
6.197
6.197
6.197
6.197
6.197
6.197
6.29424
6.29424
6.29424
6.29424
6.29424
6.29424
6.29424
6.29424
6.29424
6.29424
6.36337
6.36337
6.36337
6.36337
6.36337
6.36337
6.36337
6.36337
6.36337
6.36337
6.43284
6.43284
6.43284
6.43284
6.43284
6.43284
6.43284
6.43284
6.43284
6.43284
6.4931
6.4931
6.4931
6.4931
6.4931
6.4931
6.4931
6.4931
6.4931
6.4931
6.59772
6.59772
6.59772
6.59772
6.59772
6.59772
6.59772
6.59772
6.59772
6.59772
6.67349
6.67349
6.67349
6.67349
6.67349
6.67349
6.67349
6.67349
6.67349
6.67349
6.67349
6.74605
6.74605
6.74605
6.74605
6.74605
6.74605
6.74605
6.74605
6.74605
6.74605
6.74605
6.86842
6.86842
6.86842
6.86842
6.86842
6.86842
6.86842
6.86842
6.86842
6.86842
6.92847
6.92847
6.92847
6.92847
6.92847
6.92847
6.92847
6.92847
6.92847
6.92847
6.97696
6.97696
6.97696
6.97696
6.97696
6.97696
6.97696
6.97696
6.97696
6.97696
6.97696
7.02799
7.02799
7.02799
7.02799
7.02799
7.02799
7.02799
7.02799
7.02799
7.02799
7.09496
7.09496
7.09496
7.09496
7.09496
7.09496
7.09496
7.09496
7.09496
7.09496
7.15267
7.15267
7.15267
7.15267
7.15267
7.15267
7.15267
7.15267
7.15267
7.15267
7.15267
7.21872
7.21872
7.21872
7.21872
7.21872
7.21872
7.21872
7.21872
7.21872
7.21872
7.21872
7.28207
7.28207
7.28207
7.28207
7.28207
7.28207
7.28207
7.28207
7.28207
7.28207
7.3282
7.3282
7.3282
7.3282
7.3282
7.3282
7.3282
7.3282
7.3282
7.3282
7.38011
7.38011
7.38011
7.38011
7.38011
7.38011
7.38011
7.38011
7.38011
7.38011
7.38011
7.38011
7.44923
7.44923
7.44923
7.44923
7.44923
7.44923
7.44923
7.44923
7.44923
7.53018
7.53018
7.53018
7.53018
7.53018
7.53018
7.53018
7.53018
7.53018
7.53018
7.53018
7.69949
7.69949
7.69949
7.69949
7.69949
7.69949
7.69949
7.69949
7.69949
7.69949
7.8595
7.8595
7.8595
7.8595
7.8595
7.8595
7.8595
7.8595
7.8595
7.8595
7.99322
7.99322
7.99322
7.99322
7.99322
7.99322
7.99322
7.99322
7.99322
7.99322
7.99322
8.07415
8.07415
8.07415
8.07415
8.07415
8.07415
8.07415
8.07415
8.07415
8.07415
8.14941
8.14941
8.14941
8.14941
8.14941
8.14941
8.14941
8.14941
8.14941
8.14941
8.14941
8.21377
8.21377
8.21377
8.21377
8.21377
8.21377
8.21377
8.21377
8.21377
8.21377
8.26651
8.26651
8.26651
8.26651
8.26651
8.26651
8.26651
8.26651
8.26651
8.26651
8.29594
8.29594
8.29594
8.29594
8.29594
8.29594
8.29594
8.29594
8.29594
8.29594
8.31967
8.31967
8.31967
8.31967
8.31967
8.31967
8.31967
8.31967
8.31967
8.31967
8.31967
8.34414
8.34414
8.34414
8.34414
8.34414
8.34414
8.34414
8.34414
8.34414
8.34414
8.36611
8.36611
8.36611
8.36611
8.36611
8.36611
8.36611
8.36611
8.36611
8.36611
8.36611
8.38807
8.38807
8.38807
8.38807
8.38807
8.38807
8.38807
8.38807
8.38807
8.40997
8.40997
8.40997
8.40997
8.40997
8.40997
8.40997
8.40997
8.40997
8.40997
8.43344
8.43344
8.43344
8.43344
8.43344
8.43344
8.43344
8.43344
8.43344
8.43344
8.43344
8.45769
8.45769
8.45769
8.45769
8.45769
8.45769
8.45769
8.45769
8.45769
8.48048
8.48048
8.48048
8.48048
8.48048
8.48048
8.48048
8.48048
8.48048
8.48048
8.48048
8.51143
8.51143
8.51143
8.51143
8.51143
8.51143
8.51143
8.51143
8.51143
8.51143
8.51143
8.54391
8.54391
8.54391
8.54391
8.54391
8.54391
8.54391
8.54391
8.54391
8.54391
8.57724
8.57724
8.57724
8.57724
8.57724
8.57724
8.57724
8.57724
8.57724
8.57724
8.6138
8.6138
8.6138
8.6138
8.6138
8.6138
8.6138
8.6138
8.6138
8.6138
8.64948
8.64948
8.64948
8.64948
8.64948
8.64948
8.64948
8.64948
8.64948
8.64948
8.64948
8.68544
8.68544
8.68544
8.68544
8.68544
8.68544
8.68544
8.68544
8.68544
8.68544
8.71687
8.71687
8.71687
8.71687
8.71687
8.71687
8.71687
8.71687
8.71687
8.71687
8.7453
8.7453
8.7453
8.7453
8.7453
8.7453
8.7453
8.7453
8.7453
8.7453
8.77319
8.77319
8.77319
8.77319
8.77319
8.77319
8.77319
8.77319
8.77319
8.77319
8.77319
8.79761
8.79761
8.79761
8.79761
8.79761
8.79761
8.79761
8.79761
8.79761
8.82407
8.82407
8.82407
8.82407
8.82407
8.82407
8.82407
8.82407
8.82407
8.82407
8.82407
8.84715
8.84715
8.84715
8.84715
8.84715
8.84715
8.84715
8.84715
8.84715
8.84715
8.86897
8.86897
8.86897
8.86897
8.86897
8.86897
8.86897
8.86897
8.86897
8.86897
8.89006
8.89006
8.89006
8.89006
8.89006
8.89006
8.89006
8.89006
8.89006
8.89006
8.91105
8.91105
8.91105
8.91105
8.91105
8.91105
8.91105
8.91105
8.91105
8.91105
8.91105
8.9341
8.9341
8.9341
8.9341
8.9341
8.9341
8.9341
8.9341
8.9341
8.9341
8.9341
8.95501
8.95501
8.95501
8.95501
8.95501
8.95501
8.95501
8.95501
8.95501
8.97587
8.97587
8.97587
8.97587
8.97587
8.97587
8.97587
8.97587
8.97587
8.97587
8.99669
8.99669
8.99669
8.99669
8.99669
8.99669
8.99669
8.99669
8.99669
8.99669
9.01748
9.01748
9.01748
9.01748
9.01748
9.01748
9.01748
9.01748
9.01748
9.01748
9.01748
9.0164
9.0164
9.0164
9.0164
9.0164
9.0164
9.0164
9.0164
9.0164
9.0164
9.0164
9.00422
9.00422
9.00422
9.00422
9.00422
9.00422
9.00422
9.00422
9.00422
9.00422
8.98779
8.98779
8.98779
8.98779
8.98779
8.98779
8.98779
8.98779
8.98779
8.98779
8.96778
8.96778
8.96778
8.96778
8.96778
8.96778
8.96778
8.96778
8.96778
8.96778
8.96778
8.97612
8.97612
8.97612
8.97612
8.97612
8.97612
8.97612
8.97612
8.97612
8.97612
8.98012
8.98012
8.98012
8.98012
8.98012
8.98012
8.98012
8.98012
8.98012
8.98012
8.97217
8.97217
8.97217
8.97217
8.97217
8.97217
8.97217
8.97217
8.97217
8.97217
8.95223
8.95223
8.95223
8.95223
8.95223
8.95223
8.95223
8.95223
8.95223
8.95223
8.95223
8.93536
8.93536
8.93536
8.93536
8.93536
8.93536
8.93536
8.93536
8.93536
8.93536
8.93588
8.93588
8.93588
8.93588
8.93588
8.93588
8.93588
8.93588
8.93588
8.93588
8.92438
8.92438
8.92438
8.92438
8.92438
8.92438
8.92438
8.92438
8.92438
8.92438
8.92438
8.93284
8.93284
8.93284
8.93284
8.93284
8.93284
8.93284
8.93284
8.93284
8.93284
8.92852
8.92852
8.92852
8.92852
8.92852
8.92852
8.92852
8.92852
8.92852
8.92852
8.92191
8.92191
8.92191
8.92191
8.92191
8.92191
8.92191
8.92191
8.92191
8.92191
8.90437
8.90437
8.90437
8.90437
8.90437
8.90437
8.90437
8.90437
8.90437
8.90437
8.90437
8.90724
8.90724
8.90724
8.90724
8.90724
8.90724
8.90724
8.90724
8.90724
8.91089
8.91089
8.91089
8.91089
8.91089
8.91089
8.91089
8.91089
8.91089
8.91089
8.91089
8.91089
8.88519
8.88519
8.88519
8.88519
8.88519
8.88519
8.88519
8.88519
8.88519
8.88519
8.89854
8.89854
8.89854
8.89854
8.89854
8.89854
8.89854
8.89854
8.89854
8.89854
8.9027
8.9027
8.9027
8.9027
8.9027
8.9027
8.9027
8.9027
8.9027
8.9027
8.88649
8.88649
8.88649
8.88649
8.88649
8.88649
8.88649
8.88649
8.88649
8.88649
8.87765
8.87765
8.87765
8.87765
8.87765
8.87765
8.87765
8.87765
8.87765
8.87765
8.87321
8.87321
8.87321
8.87321
8.87321
8.87321
8.87321
8.87321
8.87321
8.87321
8.87321
8.86263
8.86263
8.86263
8.86263
8.86263
8.86263
8.86263
8.86263
8.86263
8.86263
8.86263
8.84401
8.84401
8.84401
8.84401
8.84401
8.84401
8.84401
8.84401
8.84401
8.85638
8.85638
8.85638
8.85638
8.85638
8.85638
8.85638
8.85638
8.85638
8.85638
8.85638
8.86902
8.86902
8.86902
8.86902
8.86902
8.86902
8.86902
8.86902
8.86902
8.86902
8.8541
8.8541
8.8541
8.8541
8.8541
8.8541
8.8541
8.8541
8.8541
8.8541
8.82832
8.82832
8.82832
8.82832
8.82832
8.82832
8.82832
8.82832
8.82832
8.82832
8.82832
8.85022
8.85022
8.85022
8.85022
8.85022
8.85022
8.85022
8.85022
8.85022
8.85022
8.84253
8.84253
8.84253
8.84253
8.84253
8.84253
8.84253
8.84253
8.84253
8.84253
8.84253
8.82518
8.82518
8.82518
8.82518
8.82518
8.82518
8.82518
8.82518
8.82518
8.82943
8.82943
8.82943
8.82943
8.82943
8.82943
8.82943
8.82943
8.82943
8.82943
8.82943
8.8337
8.8337
8.8337
8.8337
8.8337
8.8337
8.8337
8.8337
8.8337
8.84111
8.84111
8.84111
8.84111
8.84111
8.84111
8.84111
8.84111
8.84111
8.84111
8.84111
8.81894
8.81894
8.81894
8.81894
8.81894
8.81894
8.81894
8.81894
8.81894
8.81894
8.81894
8.83393
8.83393
8.83393
8.83393
8.83393
8.83393
8.83393
8.83393
8.83393
8.83393
8.84661
8.84661
8.84661
8.84661
8.84661
8.84661
8.84661
8.84661
8.84661
8.84661
8.84016
8.84016
8.84016
8.84016
8.84016
8.84016
8.84016
8.84016
8.84016
8.84016
8.82278
8.82278
8.82278
8.82278
8.82278
8.82278
8.82278
8.82278
8.82278
8.82278
8.82578
8.82578
8.82578
8.82578
8.82578
8.82578
8.82578
8.82578
8.82578
8.82578
8.82578
8.83319
8.83319
8.83319
8.83319
8.83319
8.83319
8.83319
8.83319
8.83319
8.83319
8.82932
8.82932
8.82932
8.82932
8.82932
8.82932
8.82932
8.82932
8.82932
8.82932
8.83232
8.83232
8.83232
8.83232
8.83232
8.83232
8.83232
8.83232
8.83232
8.83232
8.8282
8.8282
8.8282
8.8282
8.8282
8.8282
8.8282
8.8282
8.8282
8.8282
8.8282
8.80961
8.80961
8.80961
8.80961
8.80961
8.80961
8.80961
8.80961
8.80961
8.80961
8.81372
8.81372
8.81372
8.81372
8.81372
8.81372
8.81372
8.81372
8.81372
8.81372
8.81802
8.81802
8.81802
8.81802
8.81802
8.81802
8.81802
8.81802
8.81802
8.81802
8.81802
8.81727
8.81727
8.81727
8.81727
8.81727
8.81727
8.81727
8.81727
8.81727
8.81727
8.82879
8.82879
8.82879
8.82879
8.82879
8.82879
8.82879
8.82879
8.82879
8.82879
8.84144
8.84144
8.84144
8.84144
8.84144
8.84144
8.84144
8.84144
8.84144
8.84144
8.82534
8.82534
8.82534
8.82534
8.82534
8.82534
8.82534
8.82534
8.82534
8.82534
8.8082
8.8082
8.8082
8.8082
8.8082
8.8082
8.8082
8.8082
8.8082
8.8082
8.82071
8.82071
8.82071
8.82071
8.82071
8.82071
8.82071
8.82071
8.82071
8.82071
8.83341
8.83341
8.83341
8.83341
8.83341
8.83341
8.83341
8.83341
8.83341
8.83341
8.82784
8.82784
8.82784
8.82784
8.82784
8.82784
8.82784
8.82784
8.82784
8.82784
8.82784
8.80816
8.80816
8.80816
8.80816
8.80816
8.80816
8.80816
8.80816
8.80816
8.80816
8.80816
8.8253
8.8253
8.8253
8.8253
8.8253
8.8253
8.8253
8.8253
8.8253
8.8253
8.8253
8.83444
8.83444
8.83444
8.83444
8.83444
8.83444
8.83444
8.83444
8.83444
8.81472
8.81472
8.81472
8.81472
8.81472
8.81472
8.81472
8.81472
8.81472
8.81472
8.82137
8.82137
8.82137
8.82137
8.82137
8.82137
8.82137
8.82137
8.82137
8.82137
8.82137
8.83618
8.83618
8.83618
8.83618
8.83618
8.83618
8.83618
8.83618
8.83618
8.83618
8.84531
8.84531
8.84531
8.84531
8.84531
8.84531
8.84531
8.84531
8.84531
8.84531
8.81721
8.81721
8.81721
8.81721
8.81721
8.81721
8.81721
8.81721
8.81721
8.81721
8.81721
8.82592
8.82592
8.82592
8.82592
8.82592
8.82592
8.82592
8.82592
8.82592
8.82592
8.82181
8.82181
8.82181
8.82181
8.82181
8.82181
8.82181
8.82181
8.82181
8.82181
8.82181
8.81147
8.81147
8.81147
8.81147
8.81147
8.81147
8.81147
8.81147
8.81147
8.81147
8.82415
8.82415
8.82415
8.82415
8.82415
8.82415
8.82415
8.82415
8.82415
8.82415
8.82004
8.82004
8.82004
8.82004
8.82004
8.82004
8.82004
8.82004
8.82004
8.82004
8.82178
8.82178
8.82178
8.82178
8.82178
8.82178
8.82178
8.82178
8.82178
8.82178
8.82868
8.82868
8.82868
8.82868
8.82868
8.82868
8.82868
8.82868
8.82868
8.82868
8.81638
8.81638
8.81638
8.81638
8.81638
8.81638
8.81638
8.81638
8.81638
8.81638
8.8372
8.8372
8.8372
8.8372
8.8372
8.8372
8.8372
8.8372
8.8372
8.8372
8.84633
8.84633
8.84633
8.84633
8.84633
8.84633
8.84633
8.84633
8.84633
8.84633
8.84633
8.83231
8.83231
8.83231
8.83231
8.83231
8.83231
8.83231
8.83231
8.83231
8.83231
8.83231
8.82902
8.82902
8.82902
8.82902
8.82902
8.82902
8.82902
8.82902
8.82902
8.82902
8.82902
8.80453
8.80453
8.80453
8.80453
8.80453
8.80453
8.80453
8.80453
8.80453
8.80453
8.79777
8.79777
8.79777
8.79777
8.79777
8.79777
8.79777
8.79777
8.79777
8.79777
8.81886
8.81886
8.81886
8.81886
8.81886
8.81886
8.81886
8.81886
8.81886
8.81886
8.83158
8.83158
8.83158
8.83158
8.83158
8.83158
8.83158
8.83158
8.83158
8.83158
8.82723
8.82723
8.82723
8.82723
8.82723
8.82723
8.82723
8.82723
8.82723
8.82723
8.82723
8.80892
8.80892
8.80892
8.80892
8.80892
8.80892
8.80892
8.80892
8.80892
8.80892
8.82136
8.82136
8.82136
8.82136
8.82136
8.82136
8.82136
8.82136
8.82136
8.82136
8.81471
8.81471
8.81471
8.81471
8.81471
8.81471
8.81471
8.81471
8.81471
8.81471
8.82997
8.82997
8.82997
8.82997
8.82997
8.82997
8.82997
8.82997
8.82997
8.82997
8.82997
8.82798
8.82798
8.82798
8.82798
8.82798
8.82798
8.82798
8.82798
8.82798
8.82798
8.8119
8.8119
8.8119
8.8119
8.8119
8.8119
8.8119
8.8119
8.8119
8.8119
8.79479
8.79479
8.79479
8.79479
8.79479
8.79479
8.79479
8.79479
8.79479
8.79479
8.79077
8.79077
8.79077
8.79077
8.79077
8.79077
8.79077
8.79077
8.79077
8.79077
8.79077
8.81377
8.81377
8.81377
8.81377
8.81377
8.81377
8.81377
8.81377
8.81377
8.83133
8.83133
8.83133
8.83133
8.83133
8.83133
8.83133
8.83133
8.83133
8.83133
8.83133
8.82843
8.82843
8.82843
8.82843
8.82843
8.82843
8.82843
8.82843
8.82843
8.82843
8.82671
8.82671
8.82671
8.82671
8.82671
8.82671
8.82671
8.82671
8.82671
8.82671
8.82671
8.83305
8.83305
8.83305
8.83305
8.83305
8.83305
8.83305
8.83305
8.83305
8.83305
8.82658
8.82658
8.82658
8.82658
8.82658
8.82658
8.82658
8.82658
8.82658
8.82658
8.82486
8.82486
8.82486
8.82486
8.82486
8.82486
8.82486
8.82486
8.82486
8.82486
8.82909
8.82909
8.82909
8.82909
8.82909
8.82909
8.82909
8.82909
8.82909
8.82909
8.82909
8.83193
8.83193
8.83193
8.83193
8.83193
8.83193
8.83193
8.83193
8.83193
8.83193
8.82318
8.82318
8.82318
8.82318
8.82318
8.82318
8.82318
8.82318
8.82318
8.82318
8.83777
8.83777
8.83777
8.83777
8.83777
8.83777
8.83777
8.83777
8.83777
8.83777
8.83777
8.85045
8.85045
8.85045
8.85045
8.85045
8.85045
8.85045
8.85045
8.85045
8.84732
8.84732
8.84732
8.84732
8.84732
8.84732
8.84732
8.84732
8.84732
8.84732
8.84732
8.859
8.859
8.859
8.859
8.859
8.859
8.859
8.859
8.859
8.859
8.86318
8.86318
8.86318
8.86318
8.86318
8.86318
8.86318
8.86318
8.86318
8.86318
8.85545
8.85545
8.85545
8.85545
8.85545
8.85545
8.85545
8.85545
8.85545
8.85545
8.85545
8.84664
8.84664
8.84664
8.84664
8.84664
8.84664
8.84664
8.84664
8.84664
8.84664
8.86118
8.86118
8.86118
8.86118
8.86118
8.86118
8.86118
8.86118
8.86118
8.86118
8.85701
8.85701
8.85701
8.85701
8.85701
8.85701
8.85701
8.85701
8.85701
8.85701
8.84188
8.84188
8.84188
8.84188
8.84188
8.84188
8.84188
8.84188
8.84188
8.84188
8.84188
8.83212
8.83212
8.83212
8.83212
8.83212
8.83212
8.83212
8.83212
8.83212
8.85504
8.85504
8.85504
8.85504
8.85504
8.85504
8.85504
8.85504
8.85504
8.85504
8.8761
8.8761
8.8761
8.8761
8.8761
8.8761
8.8761
8.8761
8.8761
8.8761
8.8761
8.88052
8.88052
8.88052
8.88052
8.88052
8.88052
8.88052
8.88052
8.88052
8.88052
8.88052
8.87947
8.87947
8.87947
8.87947
8.87947
8.87947
8.87947
8.87947
8.87947
8.87947
8.88235
8.88235
8.88235
8.88235
8.88235
8.88235
8.88235
8.88235
8.88235
8.88235
8.88235
8.88653
8.88653
8.88653
8.88653
8.88653
8.88653
8.88653
8.88653
8.88653
8.88256
8.88256
8.88256
8.88256
8.88256
8.88256
8.88256
8.88256
8.88256
8.88256
8.88256
8.89697
8.89697
8.89697
8.89697
8.89697
8.89697
8.89697
8.89697
8.89697
8.89697
8.91794
8.91794
8.91794
8.91794
8.91794
8.91794
8.91794
8.91794
8.91794
8.91794
8.91794
8.93153
8.93153
8.93153
8.93153
8.93153
8.93153
8.93153
8.93153
8.93153
8.93584
8.93584
8.93584
8.93584
8.93584
8.93584
8.93584
8.93584
8.93584
8.93584
8.92393
8.92393
8.92393
8.92393
8.92393
8.92393
8.92393
8.92393
8.92393
8.92393
8.92393
8.91223
8.91223
8.91223
8.91223
8.91223
8.91223
8.91223
8.91223
8.91223
8.91223
8.93211
8.93211
8.93211
8.93211
8.93211
8.93211
8.93211
8.93211
8.93211
8.93211
8.95301
8.95301
8.95301
8.95301
8.95301
8.95301
8.95301
8.95301
8.95301
8.95301
8.95074
8.95074
8.95074
8.95074
8.95074
8.95074
8.95074
8.95074
8.95074
8.95074
8.95074
8.9523
8.9523
8.9523
8.9523
8.9523
8.9523
8.9523
8.9523
8.9523
8.9523
8.95046
8.95046
8.95046
8.95046
8.95046
8.95046
8.95046
8.95046
8.95046
8.95046
8.97128
8.97128
8.97128
8.97128
8.97128
8.97128
8.97128
8.97128
8.97128
8.97128
8.9753
8.9753
8.9753
8.9753
8.9753
8.9753
8.9753
8.9753
8.9753
8.9753
8.96841
8.96841
8.96841
8.96841
8.96841
8.96841
8.96841
8.96841
8.96841
8.96841
8.9222
8.9222
8.9222
8.9222
8.9222
8.9222
8.9222
8.9222
8.9222
8.9222
8.9222
8.9222
8.88531
8.88531
8.88531
8.88531
8.88531
8.88531
8.88531
8.88531
8.88531
8.82321
8.82321
8.82321
8.82321
8.82321
8.82321
8.82321
8.82321
8.82321
8.82321
8.76862
8.76862
8.76862
8.76862
8.76862
8.76862
8.76862
8.76862
8.76862
8.76862
8.76862
8.69956
8.69956
8.69956
8.69956
8.69956
8.69956
8.69956
8.69956
8.69956
8.69956
8.6369
8.6369
8.6369
8.6369
8.6369
8.6369
8.6369
8.6369
8.6369
8.6369
8.61517
8.61517
8.61517
8.61517
8.61517
8.61517
8.61517
8.61517
8.61517
8.61517
8.61517
8.58124
8.58124
8.58124
8.58124
8.58124
8.58124
8.58124
8.58124
8.58124
8.58124
8.52727
8.52727
8.52727
8.52727
8.52727
8.52727
8.52727
8.52727
8.52727
8.52727
8.48906
8.48906
8.48906
8.48906
8.48906
8.48906
8.48906
8.48906
8.48906
8.48906
8.4386
8.4386
8.4386
8.4386
8.4386
8.4386
8.4386
8.4386
8.4386
8.4386
8.4386
8.40172
8.40172
8.40172
8.40172
8.40172
8.40172
8.40172
8.40172
8.40172
8.40172
8.34199
8.34199
8.34199
8.34199
8.34199
8.34199
8.34199
8.34199
8.34199
8.34199
8.34199
8.30528
8.30528
8.30528
8.30528
8.30528
8.30528
8.30528
8.30528
8.30528
8.30528
8.27709
8.27709
8.27709
8.27709
8.27709
8.27709
8.27709
8.27709
8.27709
8.27709
8.24056
8.24056
8.24056
8.24056
8.24056
8.24056
8.24056
8.24056
8.24056
8.24056
8.19849
8.19849
8.19849
8.19849
8.19849
8.19849
8.19849
8.19849
8.19849
8.19849
8.14038
8.14038
8.14038
8.14038
8.14038
8.14038
8.14038
8.14038
8.14038
8.14038
8.08733
8.08733
8.08733
8.08733
8.08733
8.08733
8.08733
8.08733
8.08733
8.08733
8.08733
8.03438
8.03438
8.03438
8.03438
8.03438
8.03438
8.03438
8.03438
8.03438
8.03438
8.03438
7.96979
7.96979
7.96979
7.96979
7.96979
7.96979
7.96979
7.96979
7.96979
7.96979
7.93308
7.93308
7.93308
7.93308
7.93308
7.93308
7.93308
7.93308
7.93308
7.93308
7.93308
7.86265
7.86265
7.86265
7.86265
7.86265
7.86265
7.86265
7.86265
7.86265
7.86265
7.80768
7.80768
7.80768
7.80768
7.80768
7.80768
7.80768
7.80768
7.80768
7.80768
7.74573
7.74573
7.74573
7.74573
7.74573
7.74573
7.74573
7.74573
7.74573
7.74573
7.68339
7.68339
7.68339
7.68339
7.68339
7.68339
7.68339
7.68339
7.68339
7.68339
7.61716
7.61716
7.61716
7.61716
7.61716
7.61716
7.61716
7.61716
7.61716
7.61716
7.61716
7.61716
7.5654
7.5654
7.5654
7.5654
7.5654
7.5654
7.5654
7.5654
7.5654
7.5221
7.5221
7.5221
7.5221
7.5221
7.5221
7.5221
7.5221
7.5221
7.5221
7.5221
7.46227
7.46227
7.46227
7.46227
7.46227
7.46227
7.46227
7.46227
7.46227
7.46227
7.39661
7.39661
7.39661
7.39661
7.39661
7.39661
7.39661
7.39661
7.39661
7.39661
7.33707
7.33707
7.33707
7.33707
7.33707
7.33707
7.33707
7.33707
7.33707
7.33707
7.27767
7.27767
7.27767
7.27767
7.27767
7.27767
7.27767
7.27767
7.27767
7.27767
7.2184
7.2184
7.2184
7.2184
7.2184
7.2184
7.2184
7.2184
7.2184
7.2184
7.15927
7.15927
7.15927
7.15927
7.15927
7.15927
7.15927
7.15927
7.15927
7.15927
7.09438
7.09438
7.09438
7.09438
7.09438
7.09438
7.09438
7.09438
7.09438
7.09438
7.03554
7.03554
7.03554
7.03554
7.03554
7.03554
7.03554
7.03554
7.03554
7.03554
7.03554
6.97684
6.97684
6.97684
6.97684
6.97684
6.97684
6.97684
6.97684
6.97684
6.97684
6.91826
6.91826
6.91826
6.91826
6.91826
6.91826
6.91826
6.91826
6.91826
6.91826
6.91826
6.85399
6.85399
6.85399
6.85399
6.85399
6.85399
6.85399
6.85399
6.85399
6.85399
6.7957
6.7957
6.7957
6.7957
6.7957
6.7957
6.7957
6.7957
6.7957
6.7957
6.7957
6.7957
6.73173
6.73173
6.73173
6.73173
6.73173
6.73173
6.73173
6.73173
6.73173
6.67372
6.67372
6.67372
6.67372
6.67372
6.67372
6.67372
6.67372
6.67372
6.67372
6.67372
6.61584
6.61584
6.61584
6.61584
6.61584
6.61584
6.61584
6.61584
6.61584
6.55809
6.55809
6.55809
6.55809
6.55809
6.55809
6.55809
6.55809
6.55809
6.55809
6.49359
6.49359
6.49359
6.49359
6.49359
6.49359
6.49359
6.49359
6.49359
6.49359
6.49359
6.49359
6.42708
6.42708
6.42708
6.42708
6.42708
6.42708
6.42708
6.42708
6.42708
6.42708
6.366
6.366
6.366
6.366
6.366
6.366
6.366
6.366
6.366
6.366
6.30054
6.30054
6.30054
6.30054
6.30054
6.30054
6.30054
6.30054
6.30054
6.30054
6.23403
6.23403
6.23403
6.23403
6.23403
6.23403
6.23403
6.23403
6.23403
6.23403
6.23403
6.16107
6.16107
6.16107
6.16107
6.16107
6.16107
6.16107
6.16107
6.16107
6.16107
6.16107
6.08281
6.08281
6.08281
6.08281
6.08281
6.08281
6.08281
6.08281
6.08281
6.08281
6.00978
6.00978
6.00978
6.00978
6.00978
6.00978
6.00978
6.00978
6.00978
6.00978
6.00978
5.93867
5.93867
5.93867
5.93867
5.93867
5.93867
5.93867
5.93867
5.93867
5.93867
5.78665
5.78665
5.78665
5.78665
5.78665
5.78665
5.78665
5.78665
5.78665
5.78665
5.78665
5.61355
5.61355
5.61355
5.61355
5.61355
5.61355
5.61355
5.61355
5.61355
5.52861
5.52861
5.52861
5.52861
5.52861
5.52861
5.52861
5.52861
5.52861
5.52861
5.52861
5.45398
5.45398
5.45398
5.45398
5.45398
5.45398
5.45398
5.45398
5.45398
5.45398
5.3713
5.3713
5.3713
5.3713
5.3713
5.3713
5.3713
5.3713
5.3713
5.3713
5.27406
5.27406
5.27406
5.27406
5.27406
5.27406
5.27406
5.27406
5.27406
5.27406
5.27406
5.16997
5.16997
5.16997
5.16997
5.16997
5.16997
5.16997
5.16997
5.16997
5.16997
5.01411
5.01411
5.01411
5.01411
5.01411
5.01411
5.01411
5.01411
5.01411
5.01411
4.92274
4.92274
4.92274
4.92274
4.92274
4.92274
4.92274
4.92274
4.92274
4.92274
4.85566
4.85566
4.85566
4.85566
4.85566
4.85566
4.85566
4.85566
4.85566
4.85566
4.77236
4.77236
4.77236
4.77236
4.77236
4.77236
4.77236
4.77236
4.77236
4.77236
4.77236
4.67014
4.67014
4.67014
4.67014
4.67014
4.67014
4.67014
4.67014
4.67014
4.67014
4.56939
4.56939
4.56939
4.56939
4.56939
4.56939
4.56939
4.56939
4.56939
4.56939
4.56939
4.56939
4.45266
4.45266
4.45266
4.45266
4.45266
4.45266
4.45266
4.45266
4.45266
4.34462
4.34462
4.34462
4.34462
4.34462
4.34462
4.34462
4.34462
4.34462
4.34462
4.23318
4.23318
4.23318
4.23318
4.23318
4.23318
4.23318
4.23318
4.23318
4.23318
4.23318
4.11626
4.11626
4.11626
4.11626
4.11626
4.11626
4.11626
4.11626
4.11626
4.11626
4.00703
4.00703
4.00703
4.00703
4.00703
4.00703
4.00703
4.00703
4.00703
4.00703
4.00703
3.88276
3.88276
3.88276
3.88276
3.88276
3.88276
3.88276
3.88276
3.88276
3.88276
3.77782
3.77782
3.77782
3.77782
3.77782
3.77782
3.77782
3.77782
3.77782
3.77782
3.66943
3.66943
3.66943
3.66943
3.66943
3.66943
3.66943
3.66943
3.66943
3.66943
3.5572
3.5572
3.5572
3.5572
3.5572
3.5572
3.5572
3.5572
3.5572
3.5572
3.5572
3.43987
3.43987
3.43987
3.43987
3.43987
3.43987
3.43987
3.43987
3.43987
3.43987
3.33056
3.33056
3.33056
3.33056
3.33056
3.33056
3.33056
3.33056
3.33056
3.33056
3.21945
3.21945
3.21945
3.21945
3.21945
3.21945
3.21945
3.21945
3.21945
3.21945
3.11296
3.11296
3.11296
3.11296
3.11296
3.11296
3.11296
3.11296
3.11296
3.11296
3.00104
3.00104
3.00104
3.00104
3.00104
3.00104
3.00104
3.00104
3.00104
3.00104
3.00104
2.87533
2.87533
2.87533
2.87533
2.87533
2.87533
2.87533
2.87533
2.87533
2.87533
2.87533
2.87533
2.87533
2.87533
2.87533
2.87533
2.87533
2.87533
2.87533
2.87533
2.87533
2.87533
2.87533
2.87533
2.87533
2.87533
2.87533
2.87533
2.87533
2.87533
2.87533
2.87533
2.87533
2.87533
2.87533
2.87533
2.87533
2.87533
2.87533
2.87533
2.87533
2.87533
2.87533
2.87533
2.87533
2.87533
2.87533
2.87533
2.87533
2.87533
2.87533
2.87533
2.87533
2.87533
2.87533
2.87533
2.87533
2.87533
2.87533
2.87533
2.87533
2.87533
2.87533
2.87533
2.87533
2.87533
2.87533
2.87533
2.87533
2.87533
2.87533
2.87533
2.87533
2.87533
2.87533
2.87533
2.87533
2.87533
2.87533
2.87533
2.87533
2.87533
2.87533
2.87533
2.87533
2.87533
2.87533
2.87533
2.87533
2.87533
2.87533
2.87533
2.87533
2.87533
2.87533
2.87533
2.87533
2.87533
2.87533
2.87533
2.87533
2.87533
2.87533
2.87533
2.87533
2.87533
2.87533
2.87533
2.87533
2.87533
2.87533
2.87533
2.87533
2.87533
2.87533
2.87533
2.87533
2.87533
2.87533
2.87533
2.87533
2.87533
2.87533
2.87533
2.87533
2.87533
2.87533
2.87533
2.87533
2.87533
2.87533
2.87533
2.87533
2.87533
2.87533
2.87533
2.87533
2.87533
2.87533
2.87533
2.87533
2.87533
2.87533
2.87533
2.87533
2.87533
2.87533
2.87533
2.87533
2.87533
2.87533
2.87533
2.87533
2.87533
2.87533
2.87533
2.87533
2.87533
2.87533
2.87533
2.87533
2.87533
2.87533
2.87533
2.87533
2.87533
2.87533
2.87533
2.87533
2.87533
2.87533
2.87533
2.87533
2.87533
2.87533
2.87533
2.87533
2.87533
2.87533
2.87533
2.87533
2.87533
2.87533
2.87533
2.87533
2.87533
2.87533
2.87533
2.87533
2.87533
2.87533
2.87533
2.87533
2.87533
2.87533
2.87533
2.87533
2.87533
2.87533
2.87533
2.87533
2.87533
2.87533
2.87533
2.87533
2.87533
2.87533
2.87533
2.87533
2.87533
2.87533
2.87533
2.87533
2.87533
2.87533
2.87533
2.87533
2.87533
2.87533
2.87533
2.87533
2.87533
2.87533
2.87533
2.87533
2.87533
2.87533
2.87533
2.87533
2.87533
2.87533
2.87533
2.87533
2.87533
2.87533
2.87533
2.87533
2.87533
2.87533
2.87533
2.87533
2.87533
2.87533
2.87533
2.87533
2.87533
2.87533
2.87533
2.87533
2.87533
2.87533
2.87533
2.87533
2.87533
2.87533
2.87533
2.87533
2.87533
2.87533
2.87533
2.87533
2.87533
2.87533
2.87533
2.87533
2.87533
2.87533
2.87533
2.87533
2.87533
2.87533
2.87533
2.87533
2.87533
2.87533
2.87533
2.87533
2.87533
2.87533
2.87533
2.87533
2.87533
2.87533
2.87533
2.87533
2.87533
2.87533
2.87533
2.87533
2.87533
2.87533
2.87533
2.87533
2.87533
2.87533
2.87533
2.87533
2.87533
2.87533
2.87533
2.87533
2.87533
2.87533
2.87533
2.87533
2.87533
2.87533
2.87533
2.87533
2.87533
2.87533
2.87533
2.87533
2.87533
2.87533
2.87533
2.87533
2.87533
2.87533
2.87533
2.87533
2.87533
2.87533
2.87533
2.87533
2.87533
2.87533
2.87533
2.87533
2.87533
2.87533
2.87533
2.87533
2.87533
2.87533
2.87533
2.87533
2.87533
2.87533
2.87533
2.87533
2.87533
2.87533
2.87533
2.87533
2.87533
2.87533
2.87533
2.87533
2.87533
2.87533
2.87533
2.87533
2.87533
2.87533
2.87533
2.87533
2.87533
2.87533
2.87533
2.87533
2.87533
2.87533
2.87533
2.87533
2.87533
2.87533
2.87533
2.87533
2.87533
2.87533
2.87533
2.87533
2.87533
2.87533
2.87533
2.87533
2.87533
2.87533
2.87533
2.87533
2.87533
2.87533
2.87533
2.87533
2.87533
2.87533
2.87533
2.87533
2.87533
2.87533
2.87533
2.87533
2.87533
2.87533
2.87533
2.87533
2.87533
2.87533
2.87533
2.87533
2.87533
2.87533
2.87533
2.87533
2.87533
2.87533
2.87533
2.87533
2.87533
2.87533
2.87533
2.87533
2.87533
2.87533
2.87533
2.87533
2.87533
2.87533
2.87533
2.87533
2.87533
2.87533
2.87533
2.87533
2.87533
2.87533
2.87533
2.87533
2.87533
2.87533
2.87533
2.87533
2.87533
2.87533
2.87533
2.87533
2.87533
2.87533
2.87533
2.87533
2.87533
2.87533
2.87533
2.87533
2.87533
2.87533
2.87533
2.87533
2.87533
2.87533
2.87533
2.87533
2.87533
2.87533
2.87533
2.87533
2.87533
2.87533
2.87533
2.87533
2.87533
2.87533
2.87533
2.87533
2.87533
2.87533
2.87533
2.87533
2.87533
2.87533
2.87533
2.87533
2.87533
2.87533
2.87533
2.87533
2.87533
2.87533
2.87533
2.87533
2.87533
2.87533
2.87533
2.87533
2.87533
2.87533
2.87533
2.87533
2.87533
2.87533
2.87533
2.87533
2.87533
2.87533
2.87533
2.87533
2.87533
2.87533
2.87533
2.87533
2.87533
2.87533
2.87533
2.87533
2.87533
2.87533
2.87533
2.87533
2.87533
2.87533
2.87533
2.87533
2.87533
2.87533
2.87533
2.87533
2.87533
2.87533
2.87533
2.87533
2.87533
2.87533
2.87533
2.87533
2.87533
2.87533
2.87533
2.87533
2.87533
2.87533
2.87533
2.87533
2.87533
2.87533
2.87533
2.87533
2.87533
2.87533
2.87533
2.87533
2.87533
2.87533
2.87533
2.87533
2.87533
2.87533
2.87533
2.87533
2.87533
2.87533
2.87533
2.87533
2.87533
2.87533
2.87533
2.87533
2.87533
2.87533
2.87533
2.87533
2.87533
2.87533
2.87533
2.87533
2.87533
2.87533
2.87533
2.87533
2.87533
2.87533
2.87533
2.87533
2.87533
2.87533
2.87533
2.87533
2.87533
2.87533
2.87533
2.87533
2.87533
2.87533
2.87533
2.87533
2.87533
2.87533
2.87533
2.87533
2.87533
2.87533
2.87533
2.87533
2.87533
2.87533
2.87533
2.87533
2.87533
2.87533
2.87533
2.87533
2.87533
2.87533
2.87533
2.87533
2.87533
2.87533
2.87533
2.87533
2.87533
2.87533
2.87533
2.87533
2.87533
2.87533
2.87533
2.87533
2.87533
2.87533
2.87533
2.87533
2.87533
2.87533
2.87533
2.87533
2.87533
2.87533
2.87533
2.87533
2.87533
2.87533
2.87533
2.87533
2.87533
2.87533
2.87533
2.87533
2.87533
2.87533
2.87533
2.87533
2.87533
2.87533
2.87533
2.87533
2.87533
2.87533
2.87533
2.87533
2.87533
2.87533
2.87533
2.87533
2.87533
2.87533
2.87533
2.87533
2.87533
2.87533
2.87533
2.87533
2.87533
2.87533
2.87533
2.87533
2.87533
2.87533
2.87533
2.87533
2.87533
2.87533
2.87533
2.87533
2.87533
2.87533
2.87533
2.87533
2.87533
2.87533
2.87533
2.87533
2.87533
2.87533
2.87533
2.87533
2.87533
2.87533
2.87533
2.87533
2.87533
2.87533
2.87533
2.87533
2.87533
2.87533
2.87533
2.87533
2.87533
2.87533
2.87533
2.87533
2.87533
2.87533
2.87533
2.87533
2.87533
2.87533
2.87533
2.87533
2.87533
2.87533
2.87533
2.87533
2.87533
2.87533
2.87533
2.87533
2.87533
2.87533
2.87533
2.87533
2.87533
2.87533
2.87533
2.87533
2.87533
2.87533
2.87533
2.87533
2.87533
2.87533
2.87533
2.87533
2.87533
2.87533
2.87533
2.87533
2.87533
2.87533
2.87533
2.87533
2.87533
2.87533
